0	6	5	29	4	0	12	15	46	10	
6	0	32	41	35	18	15	48	41	4	
5	32	0	30	2	14	48	24	30	27	
29	41	30	0	48	10	29	13	31	42	
4	35	2	48	0	30	24	40	22	23	
0	18	14	10	30	0	1	11	8	12	
12	15	48	29	24	1	0	17	45	8	
15	48	24	13	40	11	17	0	21	33	
46	41	30	31	22	8	45	21	0	8	
10	4	27	42	23	12	8	33	8	0	
**********
0	6	5	10	4	0	1	11	8	9	
6	0	11	16	10	6	7	17	12	4	
5	11	0	15	2	5	6	16	13	14	
10	16	15	0	14	10	11	13	18	19	
4	10	2	14	0	4	5	15	12	13	
0	6	5	10	4	0	1	11	8	9	
1	7	6	11	5	1	0	12	9	8	
11	17	16	13	15	11	12	0	19	20	
8	12	13	18	12	8	9	19	0	8	
9	4	14	19	13	9	8	20	8	0	
5
13
9
6
-1
True
True
True
0	16	16	4	14	39	13	40	27	26	
16	0	45	9	3	5	46	5	16	8	
16	45	0	14	25	41	44	40	36	26	
4	9	14	0	40	45	19	26	45	47	
14	3	25	40	0	22	36	26	29	0	
39	5	41	45	22	0	0	42	42	23	
13	46	44	19	36	0	0	7	14	23	
40	5	40	26	26	42	7	0	37	4	
27	16	36	45	29	42	14	37	0	42	
26	8	26	47	0	23	23	4	42	0	
**********
0	13	16	4	14	13	13	18	27	14	
13	0	23	9	3	5	5	5	16	3	
16	23	0	14	25	28	28	28	36	25	
4	9	14	0	12	14	14	14	25	12	
14	3	25	12	0	8	8	4	19	0	
13	5	28	14	8	0	0	7	14	8	
13	5	28	14	8	0	0	7	14	8	
18	5	28	14	4	7	7	0	21	4	
27	16	36	25	19	14	14	21	0	19	
14	3	25	12	0	8	8	4	19	0	
28
4
16
5
True
True
